time: 2000000000
7 1 1
7 2 1
7 3 1
8 1 1
8 2 1
8 3 1
9 1 1
9 2 1
9 3 1
10 1 1
10 2 1
10 3 1
11 1 1
11 2 1
11 3 1
time: 2100000000
7 1 1000001
7 2 1000001
7 3 996023 3957 21
8 1 1000001
8 2 1000001
8 3 997998 1700 18 11 16 12 14 13 17 9 16 13 11 16 14 13 19 35 46 10
9 1 1000001
9 2 1000001
9 3 999687 314
10 1 1000001
10 2 1000001
10 3 998460 1541
11 1 1000001
11 2 976419 2859 3011 347 273 186 2522 5394 958 432 700 276 133 120 119 123 104 122 163 173 359 51 104 1822 2914 294 21 2
11 3 1000001
time: 2200000000
7 1 2000001
7 2 2000001
7 3 1994944 5036 21
8 1 2000001
8 2 2000001
8 3 1997017 2681 18 11 16 12 14 13 17 9 16 13 11 16 14 13 19 35 46 10
9 1 2000001
9 2 2000001
9 3 1998930 1071
10 1 2000001
10 2 2000001
10 3 1995891 4098 12
11 1 2000001
11 2 1938584 6489 21995 1135 677 541 2832 12426 2536 765 930 518 430 339 329 374 326 295 380 418 1736 103 224 1979 3052 319 236 33
11 3 2000001
time: 2300000000
7 1 3000001
7 2 3000001
7 3 2993734 6227 40
8 1 3000001
8 2 3000001
8 3 2990502 9127 87 11 16 12 14 13 17 9 16 13 11 16 14 13 19 35 46 10
9 1 3000001
9 2 3000001
9 3 2998505 1496
10 1 3000001
10 2 3000001
10 3 2995523 4466 12
11 1 3000001
11 2 2871107 15560 59425 2107 1324 1174 3392 13174 2951 1217 1301 919 723 738 570 639 586 552 678 1605 12926 134 994 2054 3103 344 266 67 132 192 45 2
11 3 3000001
