15 0b001701 0b00ff01 10000 100 398 1000122710 7068 7068
47 0b001101 0b008901 10000 100 578 1000303450 7500 7500
76 0b001101 0b002c01 10000 100 399 1000443798 4892 4892
142 0b001401 0b00ba01 10000 100 89973 1000852285 83278 83072
221 0b001301 0b00f301 10000 100 253 1001309935 6720 6720
228 0b001701 0b00a201 10000 100 409 1001348487 7094 7094
226 0b001001 0b00d401 10000 100 53455 1001341336 52555 52490
254 0b001301 0b009801 10000 100 49254 1001544806 48977 48977
268 0b001001 0b00d501 10000 100 387 1001630274 7038 7044
385 0b001401 0b00e401 10000 100 838 1002387329 8305 8124
397 0b001701 0b00bb01 10000 100 33626 1002456411 35867 35866
67 0b001601 0b004a01 10000 100 3364095 1000377974 2824587 2824402
566 0b001201 0b008f01 10000 100 40934 1003650348 42086 41979
647 0b001601 0b002001 10000 100 1444 1004213532 6546 6487
740 0b001201 0b002e01 10000 100 797 1004789324 5822 5690
775 0b001501 0b002b01 10000 100 75797 1005015336 68781 68781
807 0b001201 0b007801 10000 100 552 1005250873 5196 5200
803 0b001101 0b00a001 10000 100 247705 1005206417 215466 215262
846 0b001301 0b008b01 10000 100 63725 1005445295 61086 61086
864 0b001201 0b007d01 10000 100 531 1005516214 5156 5156
960 0b001001 0b002b01 10000 100 464 1006145593 5022 5022
1015 0b001301 0b00b901 10000 100 549 1006488529 7430 7430
1072 0b001401 0b00ee01 10000 100 510 1006778009 7827 7336
1123 0b001001 0b00d301 10000 100 48019 1007083112 47951 47951
1167 0b001101 0b00f601 10000 100 48348 1007342905 48214 48214
1179 0b001301 0b00e401 10000 100 221244 1007391627 193105 193105
1240 0b001201 0b00bc01 10000 100 26382 1007772772 29805 29805
1386 0b001001 0b00bc01 10000 100 662 1008744445 7789 7704
1498 0b001201 0b00d301 10000 100 661 1009545930 7698 7698
1516 0b001001 0b009101 10000 100 46905 1009715686 46984 46984
1552 0b001101 0b00bc01 10000 100 1574 1009934547 9009 9009
1575 0b001001 0b00bb01 10000 100 418 1010048449 7116 7116
1582 0b001201 0b000101 10000 100 1573 1010085094 6590 6590
1606 0b001701 0b00f701 10000 100 2131 1010186975 9493 9492
1639 0b001101 0b00c001 10000 100 1170 1010436040 8833 8686
1647 0b001001 0b00ee01 10000 100 611 1010492348 7578 7578
1650 0b001001 0b00d701 10000 100 402 1010532753 7074 7080
1657 0b001001 0b00f801 10000 100 538 1010625898 7451 7404
1662 0b001001 0b00f401 10000 100 1627 1010668793 9051 9051
1684 0b001501 0b004601 10000 100 45563 1010776246 43454 43454
1806 0b001601 0b002e01 10000 100 433 1011650697 5166 4960
1828 0b001401 0b002901 10000 100 141706 1011807187 242419 124016
1877 0b001201 0b00a501 10000 100 306 1012102789 6846 6846
1900 0b001001 0b00b201 10000 100 429 1012244981 7142 7142
2031 0b001601 0b00ef01 10000 100 1369 1013241418 9003 8845
2056 0b001501 0b00f101 10000 100 557 1013404932 7446 7452
2158 0b001001 0b009301 10000 100 605 1014130297 7569 7564
2143 0b001001 0b00b801 10000 100 202161 1014075832 177639 177116
2179 0b001601 0b00bb01 10000 100 540 1014305497 7408 7408
2211 0b001001 0b00bb01 10001 100 69894 1014490426 66249 66249
2226 0b001501 0b004001 10000 100 45535 1014577126 43432 43432
2317 0b001301 0b007901 10000 100 247 1015144363 4586 4590
2392 0b001101 0b002801 10000 100 716 1015616289 5526 5526
2506 0b001001 0b002e01 10000 100 822 1016360908 5736 5740
2679 0b001701 0b009501 10000 100 920 1017471632 8320 8320
2797 0b001401 0b008901 10000 100 26 1018422217 6828 6174
2815 0b001001 0b00e601 10000 100 218816 1018600667 373491 191048
2876 0b001501 0b004a01 10000 100 29467 1019080723 30065 29969
2883 0b001001 0b00f401 10001 100 48437 1019177095 87693 48285
2735 0b001001 0b00f501 10000 100 1367319 1017949594 1377499 1153513
2890 0b001101 0b004101 10000 100 201609 1019215674 174491 174219
2889 0b001601 0b00a001 10000 100 595746 1019213173 507106 506918
3049 0b001501 0b00ba01 10000 100 111184 1020318528 100894 100877
3069 0b001401 0b000801 10000 100 76713 1020436193 133197 69552
3090 0b001001 0b00eb01 10000 100 327 1020590498 6894 6900
3082 0b001301 0b008a01 10000 100 86110 1020531810 151293 79868
3068 0b001301 0b00d101 10000 100 538631 1020433829 531255 459060
3121 0b001101 0b008b01 10000 100 248810 1020833163 216184 216184
3161 0b001001 0b00a101 10000 100 33 1021186404 6207 6192
3229 0b001101 0b008d01 10000 100 398 1021599593 7068 7068
3234 0b001501 0b00c201 10000 100 332 1021660465 6906 6912
3249 0b001401 0b00be01 10000 100 553 1021741234 8074 7440
3331 0b001501 0b00d601 10000 100 452 1022232411 7194 7200
3350 0b001101 0b00f101 10000 100 660 1022369512 7696 7696
3403 0b001601 0b008c01 10000 100 1570 1022669049 9006 9006
3423 0b001001 0b00bf01 10000 100 1054 1022785167 8593 8593
3433 0b001401 0b002601 10000 100 636 1022823768 5804 5366
3481 0b001401 0b004b01 10000 100 297 1023214759 5188 4690
3550 0b001701 0b00ef01 10000 100 618 1023776691 7596 7596
3578 0b001601 0b009401 10000 100 123077 1023958222 110847 110847
3629 0b001701 0b009b01 10000 100 129130 1024218874 115918 115918
3674 0b001701 0b00f001 10000 100 615 1024522971 7588 7588
3709 0b001101 0b00d601 10000 100 317 1024784915 6870 6876
3752 0b001301 0b002401 10000 100 2843 1025076340 7644 7644
3858 0b001301 0b00b901 10001 100 707 1025620063 7945 7812
3908 0b001601 0b009201 10000 100 329 1025968309 6902 6902
3925 0b001701 0b00f501 10000 100 502 1026082651 7314 7320
3944 0b001301 0b00fc01 10000 100 1543 1026189197 8984 8984
3942 0b001501 0b00f001 10000 100 29980 1026179649 33018 32798
3993 0b001301 0b008e01 10000 100 285 1026543411 6796 6796
3997 0b001601 0b002401 10000 100 767 1026562799 5731 5630
4004 0b001401 0b00f901 10000 100 1538 1026635670 9662 8980
4022 0b001501 0b00a601 10000 100 343 1026722887 6936 6936
4105 0b001001 0b00f401 10002 100 596 1027228612 7542 7542
4146 0b001101 0b00e501 10000 100 33462 1027522252 35735 35735
4169 0b001401 0b00a101 10000 100 1290 1027634576 8984 8782
4227 0b001701 0b00bd01 10000 100 111904 1028045518 101453 101453
4278 0b001001 0b00f601 10000 100 584 1028405409 7514 7514
4316 0b001201 0b00ff01 10000 100 395 1028898344 7060 7060
362 0b001401 0b009f01 10000 100 54354310 1002234156 45744598 45556612
