16,43,4994
15
47
67
76
142
221
226
228
254
268
362
385
397
566
647
740
775
803
807
846
864
960
1015
1072
1123
1167
1179
1240
1386
1498
1516
1552
1575
1582
1606
1639
1647
1650
1657
1662
1684
1806
1828
1877
1900
2031
2056
2143
2158
2179
2211
2226
2317
2392
2506
2679
2735
2797
2815
2876
2883
2889
2890
3049
3068
3069
3082
3090
3121
3161
3229
3234
3249
3331
3350
3403
3423
3433
3481
3550
3578
3629
3674
3709
3752
3858
3908
3925
3942
3944
3993
3997
4004
4022
4105
4146
4169
4227
4278
4316
4318
4323
4325
4360
4402
4510
4580
4614
4617
4863
4866
4888
4949
5028
5210
5233
5297
5360
5393
5414
5441
5444
5463
5468
5470
5534
5535
5575
5628
5693
5707
5949
6016
6022
6045
6079
6115
6164
6185
6219
6251
6255
6317
6327
6363
6368
6418
6439
6523
6549
6679
6756
6782
6854
7047
7048
7156
7169
7208
7283
7402
7430
7431
7472
7503
7552
7568
7606
7667
7718
7754
7784
7800
7860
7871
7876
7955
7999
8083
8097
8182
8218
8223
8229
8256
8263
8277
8372
8392
8434
8466
8484
8560
8578
8588
8673
8676
8722
8738
8779
8782
8800
8863
8885
8982
8992
9092
9095
9312
9419
9556
9565
9594
9687
9692
9791
9869
9889
9903
9910
10133
10145
10183
10199
10260
10283
10287
10567
10611
10618
10633
10641
10754
10764
10781
10808
10835
10860
10921
11020
11041
11065
11110
11192
11221
11270
11296
11391
11396
11413
11416
11424
11461
11485
11609
11673
11710
11740
11755
11849
11868
11875
11898
11928
12044
12135
12170
12294
12353
12460
12552
12632
12755
12802
12855
12880
12954
13102
13157
13175
13211
13328
13338
13341
13362
13579
13619
13650
13689
13719
13744
13787
13871
13874
13884
13900
13923
13953
13990
14009
14025
14092
14110
14122
14138
14161
14214
14373
14466
14544
14570
14656
14693
14713
14719
14762
14803
14874
15005
15043
15267
15398
15402
15443
15456
15507
15567
15688
15718
15838
15866
15915
15931
15982
15990
16014
16106
16141
16177
16180
16235
16269
16374
16458
16478
16607
16658
16712
16979
16985
17024
17039
17067
17095
17105
17170
17171
17176
17227
17228
17325
17353
17446
17504
17571
17637
17729
17841
18049
18059
18112
18135
18155
18206
18219
18250
18258
18283
18322
18325
18328
18338
18375
18521
18543
18547
18617
18667
18670
18685
18710
18717
18859
18863
18915
18922
18945
19027
19183
19196
19222
19245
19251
19264
19286
19363
19459
19501
19637
19657
19660
19668
19741
19762
19803
19964
19992
20049
20054
20078
20112
20120
20138
20147
20228
20233
20262
20296
20322
20331
20345
20349
20440
20505
20633
20685
20759
20765
20786
20881
20897
20899
20939
20959
20994
21010
21118
21238
21351
21389
21390
21392
21472
21485
21489
21491
21497
21501
21517
21577
21595
21719
21739
21774
21832
21862
21902
21920
21968
22041
22069
22114
22125
22129
22159
22192
22198
22299
22326
22331
22367
22380
22448
22516
22534
22552
22610
22739
22777
22822
22848
22909
22932
22993
23000
23170
23230
23235
23257
23261
23301
23344
23346
23358
23404
23406
23421
23442
23454
23459
23543
23561
23576
23594
23630
23739
23777
23794
23824
23833
23854
23887
23915
23917
23921
23967
23978
23993
24007
24105
24249
24332
24392
24435
24484
24557
24558
24571
24577
24591
24616
24675
24704
24714
24727
24740
24895
24962
24984
25035
25093
25151
25180
25250
25267
25297
25333
25390
25400
25410
25435
25453
25454
25475
25478
25538
25558
25600
25635
25705
25724
25743
25755
25775
25860
25863
25868
25880
25913
25936
26022
26145
26215
26222
26302
26434
26435
26443
26500
26529
26547
26581
26591
26609
26632
26694
26896
26907
26946
26980
27019
27046
27050
27081
27109
27131
27134
27185
27239
27302
27355
27392
27450
27476
27505
27601
27651
27683
27805
27827
27974
27992
27997
28009
28068
28093
28120
28156
28181
28313
28315
28330
28352
28363
28435
28444
28511
28549
28567
28605
28647
28677
28689
28712
28810
28824
28861
28949
28957
28968
29008
29065
29099
29104
29115
29147
29179
29182
29183
29340
29416
29499
29519
29525
29545
29678
29698
29700
29704
29748
29797
29860
29886
29903
29975
29979
29985
30023
30037
30067
30083
30128
30179
30182
30269
30375
30382
30430
30533
30534
30541
30569
30584
30603
30678
30768
30830
30844
30849
30887
30979
31076
31193
31194
31198
31256
31330
31428
31453
31742
31753
31796
31809
31840
31865
31883
31890
31947
31964
31974
32013
32085
32129
32161
32171
32200
32221
32241
32263
32328
32331
32333
32502
32536
32592
32650
32667
32673
32792
32831
32852
32945
32969
32997
33010
33027
33051
33068
33082
33115
33120
33159
33276
33364
33400
33427
33431
33437
33458
33487
33527
33549
33612
33617
33618
33629
33669
33756
33783
33902
33916
33947
33959
33961
34030
34034
34035
34129
34134
34148
34242
34352
34414
34438
34505
34514
34533
34570
34583
34627
34682
34726
34733
34802
34875
34881
34994
35063
35081
35093
35113
35160
35171
35209
35287
35318
35336
35344
35357
35403
35434
35468
35566
35628
35691
35697
35699
35758
35766
35773
35829
35871
35881
35894
35931
35942
35958
35960
35987
36048
36081
36097
36159
36258
36262
36265
36266
36300
36315
36385
36422
36475
36499
36517
36608
36648
36726
36872
36891
36903
36929
37044
37050
37051
37072
37113
37114
37130
37158
37189
37213
37216
37224
37382
37407
37419
37433
37555
37626
37649
37685
37691
37706
37872
37945
37999
38038
38089
38096
38119
38172
38179
38191
38255
38258
38272
38380
38448
38471
38475
38480
38501
38551
38595
38625
38798
38821
38832
38886
38919
38990
39022
39097
39199
39250
39323
39401
39451
39472
39515
39547
39588
39627
39629
39631
39795
39806
39866
40053
40164
40226
40241
40288
40331
40380
40393
40446
40458
40546
40552
40609
40658
40662
40711
40737
40739
40743
40791
40803
40888
40929
40981
41008
41115
41283
41298
41345
41346
41352
41388
41479
41545
41599
41611
41642
41703
41731
41751
41752
41830
41839
41858
41899
41991
42021
42099
42275
42308
42329
42382
42440
42638
42698
42852
42887
42982
43015
43053
43072
43078
43119
43191
43317
43321
43376
43386
43436
43473
43486
43516
43532
43581
43589
43595
43626
43654
43800
43815
43832
43896
43898
43902
43912
43950
43959
43983
43984
44022
44030
44045
44093
44101
44166
44188
44194
44196
44260
44262
44325
44355
44387
44411
44460
44488
44498
44509
44616
44681
44765
44790
44795
44811
44817
44828
44835
44840
44903
45013
45032
45102
45110
45240
45253
45298
45305
45332
45335
45358
45370
45416
45450
45467
45495
45497
45530
45542
45549
45598
45617
45777
45818
45899
45917
45936
45937
45972
45997
46030
46036
46063
46092
46093
46098
46115
46268
46281
46350
46453
46544
46561
46579
46651
46689
46794
47042
47051
47078
47123
47138
47140
47156
47212
47327
47361
47377
47384
47496
47503
47511
47561
47584
47618
47653
47669
47701
47724
47778
47803
47814
47827
48014
48186
48226
48305
48361
48395
48402
48545
48672
48674
48685
48696
48713
48725
48729
48746
48752
48806
48848
48905
48968
48975
48987
49015
49111
49145
49155
49172
49241
49299
49326
49392
49399
49470
49502
49581
49672
49696
49710
49723
49750
49781
49858
49903
49996
49999
50034
50065
50093
50126
50169
50173
50215
50234
50290
50365
50467
50470
50495
50501
50573
50590
50604
50621
50629
50663
50666
50773
50784
50806
50837
50854
50913
50943
50960
51059
51165
51213
51243
51273
51285
51294
51311
51312
51330
51332
51334
51360
51384
51437
51502
51569
51574
51618
51651
51656
51672
51698
51711
51794
51810
51815
51877
52057
52186
52194
52203
52237
52342
52389
52428
52467
52513
52567
52570
52585
52670
52674
52681
52692
52769
52811
52947
52958
52979
53001
53036
53043
53190
53194
53216
53287
53311
53340
53498
53531
53721
53754
53818
53902
53991
54061
54128
54131
54133
54190
54205
54221
54323
54450
54482
54594
54598
54602
54631
54659
54699
54727
54736
54770
54772
54788
54878
54896
55091
55096
55155
55165
55204
55226
55280
55309
55314
55330
55344
55369
55491
55557
55566
55786
55832
55885
55906
55954
55985
56088
56123
56125
56140
56158
56176
56192
56234
56289
56295
56300
56350
56529
56538
56593
56643
56664
56775
56847
56865
56895
56941
56951
56989
57003
57162
57177
57192
57194
57197
57200
57304
57341
57434
57483
57484
57485
57500
57509
57520
57581
57604
57627
57632
57635
57639
57671
57679
57755
57967
57973
57981
58057
58077
58078
58127
58251
58259
58307
58343
58397
58418
58440
58476
58509
58516
58536
58584
58594
58677
58683
58754
58757
58763
58863
58935
59064
59096
59112
59136
59178
59197
59200
59205
59207
59236
59275
59290
59302
59353
59409
59507
59553
59559
59622
59654
59682
59767
60037
60079
60155
60205
60317
60325
60385
60412
60474
60490
60509
60544
60579
60584
60606
60642
60717
60733
60752
60788
60844
60851
61011
61032
61076
61165
61204
61226
61245
61253
61276
61327
61355
61423
61465
61473
61476
61592
61773
61789
61836
61911
61916
61919
61985
61988
62271
62319
62340
62347
62351
62540
62551
62554
62564
62585
62702
62729
62743
62758
62766
62771
62777
62805
62822
62837
62847
62874
62881
62941
63019
63053
63109
63228
63242
63246
63266
63371
63427
63473
63481
63497
63617
63618
63632
63777
63886
63948
63987
64024
64042
64056
64153
64191
64283
64351
64396
64421
64426
64427
64438
64553
64584
64729
64785
64823
64871
64900
64974
64982
64991
65032
65099
65102
65131
65197
65203
65295
65355
65356
65413
65415
65465
65476
65512
65524
65530
65587
65632
65641
65681
65724
65770
65777
65889
66008
66085
66104
66105
66128
66143
66168
66317
66350
66353
66390
66426
66532
66556
66610
66653
66743
66751
66837
66870
66912
66926
67003
67010
67120
67193
67230
67253
67286
67287
67306
67349
67372
67465
67666
67697
67930
68038
68061
68252
68271
68321
68428
68440
68501
68513
68543
68765
68886
68911
68935
69008
69045
69080
69092
69098
69252
69404
69408
69440
69441
69458
69564
69627
69634
69693
69710
69738
69746
69787
69796
69800
69882
69930
70149
70224
70334
70395
70457
70466
70479
70484
70592
70595
70638
70702
70733
70738
70759
70797
70832
70857
70889
70907
70925
71048
71135
71205
71214
71219
71225
71310
71360
71374
71401
71436
71442
71482
71528
71665
71712
71771
71818
71826
71838
71844
71869
71881
71912
71931
71933
71975
72025
72064
72089
72100
72257
72269
72282
72483
72549
72571
72586
72672
72727
72732
72851
72896
73156
73175
73283
73288
73314
73361
73391
73396
73535
73541
73636
73681
73706
73735
73744
73786
73791
73799
73827
73874
73876
73888
73896
73953
73955
74003
74014
74048
74060
74078
74128
74182
74187
74214
74237
74251
74263
74302
74360
74367
74407
74478
74481
74560
74583
74684
74715
74737
74960
74972
75037
75137
75149
75166
75183
75244
75278
75384
75404
75440
75482
75500
75594
75601
75726
75783
75817
75875
75898
75901
75976
76028
76055
76062
76101
76107
76157
76223
76284
76401
76415
76434
76446
76560
76744
76754
76770
76787
76793
76794
76805
76826
76842
76855
76929
76931
77004
77032
77044
77066
77181
77204
77214
77243
77268
77320
77337
77429
77477
77522
77530
77567
77599
77613
77659
77662
77665
77717
77940
77951
78009
78121
78134
78137
78178
78214
78348
78370
78413
78443
78500
78524
78528
78542
78549
78553
78561
78593
78597
78641
78687
78706
78782
78787
78871
78892
78933
78970
79012
79130
79138
79200
79206
79284
79348
79388
79491
79598
79701
79719
79833
79847
79868
79908
80000
80026
80032
80041
80067
80079
80346
80360
80456
80471
80662
80677
80754
80799
80808
80820
80928
80946
81000
81099
81137
81173
81182
81296
81348
81390
81468
81490
81656
81660
81702
81834
81847
81855
81898
81926
81990
81992
82037
82042
82043
82046
82083
82167
82201
82268
82344
82529
82589
82674
82743
82831
82864
82952
82971
82980
83016
83019
83079
83157
83246
83333
83366
83416
83418
83479
83498
83516
83557
83561
83623
83727
83770
83836
83842
83857
83919
83964
84030
84108
84208
84214
84255
84256
84269
84301
84302
84347
84455
84573
84702
84741
84751
84753
84763
84807
84809
84819
84899
84969
84995
85021
85044
85060
85104
85117
85125
85155
85161
85189
85194
85250
85267
85268
85287
85338
85346
85355
85376
85420
85527
85537
85573
85636
85646
85693
85711
85723
85750
85783
85798
85799
85886
85903
85963
85983
85992
85998
86013
86014
86024
86037
86164
86178
86271
86299
86348
86354
86424
86441
86481
86529
86546
86691
86699
86722
86771
86782
86809
86823
86830
86933
87011
87070
87071
87090
87109
87147
87155
87236
87322
87324
87349
87368
87388
87461
87477
87484
87517
87575
87678
87680
87741
87794
87820
87872
87899
87959
87961
87964
87985
87998
88016
88203
88205
88237
88387
88469
88491
88531
88558
88655
88698
88747
88762
88976
89017
89084
89085
89108
89141
89143
89163
89181
89239
89282
89315
89321
89360
89380
89404
89425
89453
89455
89479
89524
89546
89557
89594
89663
89680
89722
89741
89802
89891
89902
89954
89982
89986
90003
90010
90037
90043
90064
90126
90156
90277
90316
90319
90345
90347
90353
90363
90494
90570
90577
90656
90680
90692
90769
90806
90833
90951
90959
90983
91014
91083
91101
91102
91156
91188
91318
91339
91352
91366
91376
91443
91482
91525
91532
91617
91648
91703
91732
91748
91776
91804
91847
91914
92049
92178
92200
92214
92222
92306
92314
92327
92387
92431
92512
92563
92623
92729
92792
92806
92933
92992
93018
93047
93233
93243
93255
93267
93336
93343
93354
93377
93383
93411
93415
93422
93427
93430
93466
93478
93542
93654
93687
93712
93713
93721
93751
93811
93829
93840
93933
94074
94119
94139
94146
94153
94170
94171
94274
94322
94490
94515
94587
94787
94850
94941
95017
95060
95089
95209
95236
95328
95334
95343
95362
95366
95427
95465
95505
95543
95555
95624
95635
95654
95710
95888
95901
95903
95939
95973
96058
96063
96070
96112
96140
96150
96171
96176
96272
96289
96362
96380
96471
96487
96533
96546
96563
96839
96878
96887
96992
97071
97187
97287
97316
97356
97482
97529
97568
97605
97613
97693
97906
97910
97922
98011
98039
98225
98428
98454
98496
98581
98657
98700
98726
98754
98785
98798
98832
98883
98890
98918
98973
99064
99084
99087
99105
99156
99218
99252
99272
99382
99404
99415
99455
99499
99597
99616
99732
99752
99755
99795
99799
99836
99859
99917
99936
99965
99977
99988
100002
100143
100217
100262
100329
100387
100533
100567
100785
100786
100826
100880
100888
100948
101055
101058
101064
101077
101137
101151
101162
101186
101267
101271
101293
101325
101329
101334
101369
101376
101410
101563
101566
101636
101637
101640
101676
101693
101728
101729
101745
101789
101805
101815
101857
101882
101912
102046
102128
102129
102200
102220
102223
102234
102303
102419
102463
102465
102487
102597
102635
102672
102903
102917
102936
103018
103048
103139
103165
103305
103335
103425
103453
103471
103500
103562
103627
103642
103665
103699
103734
103750
103791
103796
103827
103832
103854
103856
103899
104037
104086
104122
104137
104154
104293
104438
104457
104510
104512
104733
104843
104863
104867
104906
104927
104936
104937
104941
104984
105008
105066
105079
105114
105119
105129
105137
105155
105215
105251
105415
105478
105595
105616
105619
105651
105688
105707
105745
105775
105823
105839
105922
105954
105997
106003
106023
106048
106070
106119
106121
106286
106305
106378
106444
106447
106495
106545
106552
106671
106691
106768
106770
106805
106824
106858
106877
107186
107255
107257
107291
107323
107341
107445
107472
107489
107711
107808
107844
108027
108042
108130
108194
108228
108314
108348
108370
108412
108426
108450
108513
108514
108656
108661
108736
108739
108744
108760
108872
108964
109004
109103
109179
109201
109230
109263
109340
109346
109372
109388
109424
109427
109540
109553
109624
109648
109761
109779
109871
109902
109909
109956
110052
110055
110157
110161
110250
110270
110282
110291
110353
110356
110367
110416
110474
110535
110555
110572
110583
110613
110620
110626
110699
110758
110788
110805
110828
110848
110871
110889
110907
110910
110925
111033
111126
111320
111339
111364
111394
111398
111404
111439
111463
111488
111545
111563
111590
111599
111623
111629
111661
111678
111684
111700
111751
111779
111853
111873
111896
111907
111973
111999
112010
112013
112039
112046
112075
112224
112235
112364
112399
112435
112455
112479
112527
112531
112564
112596
112685
112745
112753
112765
112818
112966
113039
113041
113123
113232
113241
113247
113283
113336
113344
113373
113445
113504
113607
113679
113726
113729
113735
113754
113758
113820
113839
113871
114070
114087
114096
114149
114157
114186
114228
114249
114314
114315
114382
114391
114510
114520
114526
114561
114577
114602
114613
114630
114765
114893
114997
115058
115065
115136
115169
115255
115279
115324
115377
115383
115399
115414
115415
115429
115451
115608
115657
115728
115752
115797
115798
115839
115903
115909
115984
115993
116035
116047
116088
116126
116282
116311
116324
116531
116587
116626
116640
116654
116691
116734
116752
116826
116833
116888
116934
116945
116969
117035
117145
117171
117191
117216
117227
117248
117268
117272
117310
117311
117401
117421
117557
117562
117570
117683
117723
117747
117803
117831
117886
117957
118102
118125
118298
118438
118534
118575
118598
118600
118619
118733
118734
118746
118763
118772
118774
118827
118837
118840
118846
118881
118896
118936
118979
119074
119127
119194
119280
119410
119586
119639
119748
119767
119807
119828
119833
119856
119860
119873
119946
119982
120068
120072
120105
120194
120197
120278
120349
120361
120392
120503
120525
120559
120568
120673
120689
120716
120862
120938
120946
120997
121031
121091
121106
121112
121126
121161
121167
121301
121309
121354
121466
121510
121550
121577
121678
121679
121729
121742
121747
121872
121913
122057
122090
122177
122225
122277
122287
122363
122382
122444
122521
122581
122640
122658
122681
122718
122844
122920
122933
122962
122987
123143
123207
123220
123237
123245
123277
123323
123353
123367
123406
123490
123545
123609
123751
123869
123919
123940
123973
124028
124033
124053
124141
124149
124199
124235
124256
124283
124296
124297
124323
124332
124404
124422
124459
124491
124558
124620
124630
124764
124773
124787
124834
124837
124843
124865
124874
124932
124945
124970
125007
125097
125142
125178
125197
125231
125234
125308
125309
125458
125486
125516
125547
125650
125655
125738
125757
125788
125831
125858
125880
125892
125951
126157
126194
126202
126304
126344
126358
126383
126403
126428
126504
126524
126540
126567
126596
126622
126650
126734
126795
127105
127110
127182
127191
127235
127244
127306
127318
127334
127376
127396
127419
127443
127567
127728
127729
127738
127756
127848
127850
127935
127955
127982
127986
127999
128024
128053
128170
128190
128306
128341
128348
128373
128429
128436
128489
128532
128573
128666
128701
128735
128862
128890
128892
128927
128966
128988
129047
129086
129114
129198
129224
129229
129230
129322
129435
129465
129512
129535
129539
129565
129640
129727
129784
129809
129881
129984
130044
130176
130205
130207
130241
130278
130323
130414
130449
130453
130478
130479
130555
130633
130638
130647
130669
130837
130866
130977
130983
131128
131145
131237
131362
131381
131390
131395
131430
131491
131501
131503
131506
131516
131521
131546
131557
131612
131704
131714
131715
131826
131831
131905
131911
131950
131993
132048
132075
132080
132169
132178
132231
132260
132336
132340
132352
132438
132446
132572
132595
132666
132676
132687
132703
132729
132918
132939
132966
132971
132979
132998
132999
133011
133042
133054
133063
133070
133075
133144
133249
133369
133439
133471
133474
133534
133538
133635
133658
133698
133853
133860
133909
133911
133975
133992
133993
133996
134035
134057
134160
134210
134219
134266
134334
134363
134470
134499
134679
134680
134692
134701
134714
134774
134776
134836
134898
134930
134943
134948
134979
135062
135110
135122
135155
135168
135207
135259
135367
135413
135605
135614
135639
135651
135652
135673
135755
135800
135873
135913
135914
135972
135985
136045
136075
136118
136154
136167
136204
136206
136277
136378
136397
136451
136478
136520
136574
136584
136801
136822
136841
136876
136969
136999
137000
137134
137234
137400
137492
137500
137543
137576
137649
137695
137776
137832
137853
137996
138075
138118
138161
138265
138355
138407
138438
138458
138460
138462
138485
138500
138513
138528
138595
138669
138709
138720
138749
138811
138852
138871
139006
139104
139177
139211
139236
139385
139389
139478
139479
139497
139643
139763
139832
139834
139908
139967
140059
140078
140093
140099
140153
140167
140198
140262
140295
140297
140319
140385
140386
140451
140459
140757
140777
140807
140829
140882
140984
141061
141079
141095
141123
141132
141237
141243
141265
141398
141476
141487
141501
141579
141617
141638
141696
141715
141725
141726
141749
141787
141797
141913
141917
141920
141933
142062
142066
142115
142116
142160
142173
142222
142332
142361
142390
142463
142476
142485
142568
142589
142641
142720
142729
142739
142771
142803
142856
142905
142920
142976
142981
143011
143022
143085
143107
143108
143111
143221
143254
143271
143330
143338
143376
143390
143400
143485
143490
143503
143531
143600
143616
143683
143696
143697
143773
143857
143876
143880
143884
143904
143995
144025
144089
144191
144214
144282
144298
144304
144328
144366
144431
144433
144466
144477
144479
144520
144531
144551
144556
144585
144722
144735
144753
144772
144789
144827
144858
144866
144875
144887
144970
145058
145094
145105
145128
145231
145347
145371
145417
145482
145510
145515
145535
145536
145560
145929
145966
145974
145980
146028
146125
146170
146193
146247
146259
146290
146317
146533
146566
146587
146617
146633
146738
146767
146829
146887
146930
146935
146983
146988
146996
147022
147032
147048
147080
147120
147187
147199
147230
147407
147422
147450
147461
147558
147624
147630
147700
147804
147865
147891
147942
147958
148002
148085
148163
148181
148189
148228
148234
148256
148325
148407
148507
148628
148670
148676
148679
148752
148798
148803
148827
148898
148926
149010
149055
149095
149109
149164
149230
149264
149311
149315
149322
149417
149435
149450
149573
149575
149621
149712
149724
149739
149776
149778
149799
149865
149919
150009
150044
150072
150101
150194
150318
150345
150366
150388
150474
150518
150534
150548
150551
150584
150608
150620
150635
150694
150717
150736
150800
150828
150835
150838
150849
150871
150872
150996
151082
151142
151167
151175
151252
151355
151386
151516
151538
151551
151610
151622
151629
151660
151669
151799
151821
151908
151936
151969
151973
151999
152033
152157
152208
152211
152221
152258
152287
152322
152325
152342
152440
152447
152452
152458
152553
152566
152604
152606
152619
152877
152982
152983
152997
152998
153074
153108
153183
153188
153202
153217
153248
153304
153336
153381
153393
153462
153523
153575
153693
153718
153761
153762
153770
153785
153861
153865
153921
153957
154040
154076
154118
154188
154231
154243
154311
154384
154385
154389
154532
154612
154665
154686
154695
154732
154752
154896
154962
155009
155085
155107
155115
155173
155228
155304
155340
155344
155367
155390
155434
155528
155531
155572
155599
155619
155634
155687
155706
155759
155765
155921
155957
155966
155987
156060
156164
156175
156197
156199
156227
156247
156257
156259
156352
156361
156381
156449
156466
156533
156559
156590
156704
156778
156853
156878
156946
156996
157005
157032
157091
157132
157184
157187
157248
157258
157283
157327
157404
157430
157479
157517
157524
157544
157569
157575
157692
157693
157721
157755
157770
157851
157861
157862
157926
157927
157998
158061
158072
158223
158274
158374
158398
158443
158449
158501
158542
158543
158554
158563
158609
158643
158659
158708
158785
158875
158911
158924
158964
159075
159143
159159
159185
159269
159287
159294
159376
159406
159440
159460
159470
159489
159537
159587
159650
159678
159763
159768
159769
159834
159888
159976
160013
160024
160110
160187
160225
160245
160290
160361
160368
160379
160488
160538
160599
160709
160778
160803
160860
160944
160966
160985
160998
161084
161215
161227
161267
161428
161563
161564
161633
161674
161690
161803
161817
161909
161956
161966
162066
162098
162104
162117
162151
162163
162273
162285
162334
162350
162376
162406
162428
162497
162511
162549
162609
162651
162709
162742
162780
162783
162790
162793
162796
162801
162881
162902
162952
163012
163013
163015
163121
163237
163267
163290
163435
163461
163474
163507
163516
163535
163545
163602
163607
163818
163850
163941
163968
164142
164144
164188
164214
164415
164457
164484
164542
164584
164753
164760
164764
165022
165055
165059
165157
165184
165254
165277
165296
165311
165336
165354
165356
165385
165411
165450
165469
165493
165577
165623
165630
165631
165635
165648
165673
165772
165783
165838
165849
165919
165944
165994
166048
166062
166106
166175
166191
166209
166213
166265
166291
166307
166350
166361
166403
166422
166494
166571
166631
166643
166657
166701
166771
166836
166964
166976
167000
167048
167066
167070
167082
167096
167124
167132
167190
167225
167234
167417
167432
167478
167598
167618
167634
167650
167673
167715
167726
167790
167888
168035
168077
168080
168120
168137
168214
168215
168270
168298
168375
168376
168430
168473
168492
168600
168603
168622
168671
168684
168697
168700
168708
168736
168836
168925
168938
168970
169008
169087
169110
169132
169153
169167
169175
169222
169254
169294
169297
169330
169400
169421
169422
169454
169483
169551
169671
169687
169700
169704
169821
169864
169938
169955
169972
170042
170095
170134
170302
170402
170408
170487
170492
170571
170632
170636
170721
170736
170812
170814
170817
170841
170861
170869
170887
170888
170962
170972
171000
171024
171039
171092
171134
171169
171292
171303
171357
171379
171463
171510
171562
171563
171564
171694
171702
171741
171795
171914
172098
172112
172232
172242
172286
172369
172399
172414
172437
172481
172501
172521
172550
172583
172625
172661
172689
172764
172783
172816
172882
172905
172906
172927
172943
172945
172950
172973
173013
173030
173043
173127
173136
173165
173171
173332
173335
173352
173415
173432
173500
173521
173528
173576
173623
173728
173741
173806
173916
174018
174157
174169
174322
174359
174417
174490
174506
174508
174526
174550
174687
174752
174866
174920
174935
174950
174966
174974
174984
175038
175048
175063
175084
175093
175126
175139
175142
175163
175201
175241
175318
175400
175444
175486
175511
175534
175577
175598
175747
175948
175955
176079
176080
176154
176210
176252
176306
176397
176400
176412
176487
176536
176702
176749
176761
176779
176804
176809
176871
176971
176991
177003
177056
177109
177156
177291
177339
177354
177375
177414
177424
177515
177534
177672
177732
177825
177900
177901
177921
177941
177942
177972
177987
177988
177993
177998
178005
178019
178227
178303
178402
178427
178440
178449
178450
178513
178538
178612
178702
178769
178771
178773
178787
178860
178876
178928
178972
179157
179178
179217
179259
179294
179345
179351
179369
179505
179585
179598
179618
179744
179885
179951
179954
180000
180045
180046
180084
180125
180257
180286
180341
180427
180628
180672
180745
180806
180816
180830
180900
180947
180950
180974
180990
181040
181065
181082
181085
181119
181137
181149
181248
181274
181278
181294
181306
181398
181445
181468
181543
181569
181605
181687
181689
181696
181732
181775
181809
181969
181983
181985
181987
182006
182078
182136
182138
182320
182334
182426
182479
182498
182532
182581
182646
182747
182756
182764
182773
182818
182826
182832
182833
182838
182889
182907
182998
183012
183021
183070
183071
183099
183118
183146
183205
183315
183366
183444
183458
183468
183489
183538
183559
183591
183632
183701
183787
183822
183943
183956
183960
183988
184008
184106
184167
184188
184236
184395
184468
184532
184673
184717
184733
184738
184871
184899
184904
184932
185016
185036
185053
185058
185080
185110
185174
185203
185221
185309
185392
185437
185480
185495
185524
185526
185590
185604
185702
185738
185741
185748
185814
185886
185965
185974
185983
186048
186144
186175
186217
186241
186243
186244
186386
186417
186481
186486
186496
186533
186542
186590
186618
186692
186763
186777
186778
186882
186998
187005
187020
187038
187055
187098
187105
187111
187122
187161
187205
187258
187306
187313
187347
187424
187427
187430
187458
187481
187487
187548
187650
187659
187849
187860
187872
187879
187882
187885
187949
187951
188067
188096
188124
188155
188185
188208
188247
188250
188315
188358
188427
188483
188514
188518
188525
188545
188577
188580
188614
188623
188632
188634
188642
188653
188700
188710
188734
188825
188833
188896
188911
188951
189001
189011
189018
189205
189292
189299
189300
189304
189327
189352
189394
189446
189449
189522
189557
189607
189636
189746
189803
189807
189828
189975
189976
190052
190115
190256
190309
190327
190339
190349
190369
190484
190509
190513
190516
190594
190647
190745
190874
190907
190933
191074
191186
191210
191329
191349
191393
191400
191424
191479
191610
191718
191774
191778
191808
191866
191995
192006
192077
192155
192170
192177
192256
192297
192353
192365
192443
192445
192473
192529
192539
192612
192704
192713
192720
192773
192940
193121
193177
193188
193214
193244
193321
193367
193417
193446
193485
193494
193516
193539
193588
193591
193602
193702
193776
193783
193849
193901
193904
193948
194000
194008
194072
194253
194286
194336
194375
194384
194522
194645
194674
194686
194710
194714
194746
194783
194807
194808
194899
194922
195173
195292
195311
195312
195324
195330
195385
195445
195447
195573
195578
195581
195612
195626
195658
195695
195700
195763
195828
195897
195901
196107
196120
196155
196174
196224
196266
196277
196299
196306
196483
196487
196614
196667
196744
196774
196809
196834
196854
196932
196969
197032
197073
197102
197103
197112
197139
197171
197214
197225
197230
197256
197276
197278
197295
197319
197376
197424
197521
197534
197538
197575
197612
197896
197957
198001
198027
198046
198077
198151
198217
198222
198225
198246
198288
198354
198385
198438
198492
198632
198684
198734
198737
198759
198820
198837
198889
198950
198962
198970
198987
199015
199032
199067
199083
199207
199229
199266
199268
199443
199456
199474
199513
199539
199632
199676
199796
199797
199816
199861
199869
199885
199987
200014
200024
200060
200124
200193
200323
200390
200412
200510
200543
200571
200576
200621
200625
200762
200780
200837
200887
200923
200963
200973
201030
201161
201238
201315
201345
201425
201431
201443
201447
201470
201549
201582
201626
201635
201695
201723
201746
201765
201811
201851
201852
201853
201948
201954
201956
201963
202004
202021
202125
202143
202152
202172
202199
202260
202266
202268
202296
202317
202328
202399
202402
202423
202474
202477
202478
202517
202586
202616
202628
202684
202720
202748
202772
202879
202910
202913
202920
202976
202982
203079
203106
203108
203117
203144
203171
203204
203219
203284
203358
203445
203448
203465
203555
203573
203661
203662
203742
203851
203853
203943
203949
204057
204077
204279
204326
204336
204358
204360
204365
204428
204443
204472
204476
204550
204584
204587
204597
204613
204724
204752
204762
204795
204816
204848
204884
204908
204925
204931
204952
204976
205016
205054
205073
205075
205116
205159
205205
205209
205276
205280
205306
205324
205364
205410
205411
205442
205467
205487
205543
205628
205667
205689
205794
205803
205809
205847
205868
205885
205890
205898
206061
206084
206085
206119
206152
206171
206189
206193
206218
206249
206284
206347
206370
206390
206404
206578
206615
206651
206703
206839
206879
206949
206972
207108
207123
207140
207153
207155
207226
207326
207364
207405
207427
207485
207576
207610
207656
207664
207727
207795
207876
207890
207936
207941
207959
207961
208058
208095
208109
208145
208351
208391
208423
208431
208490
208559
208561
208633
208695
208711
208737
208845
208848
208887
208908
208945
208967
208982
208996
209105
209172
209320
209355
209384
209394
209398
209416
209485
209490
209491
209597
209603
209691
209703
209848
209917
210063
210097
210160
210182
210238
210286
210287
210318
210343
210353
210391
210412
210428
210436
210479
210532
210555
210625
210676
210705
210745
210810
210828
210849
210850
210882
210895
210904
210907
210927
210985
210989
211011
211025
211063
211079
211086
211100
211157
211228
211310
211316
211335
211337
211470
211475
211485
211524
211541
211546
211551
211553
211571
211621
211650
211675
211678
211684
211733
211781
211797
211844
212019
212058
212077
212082
212190
212225
212384
212407
212408
212438
212511
212617
212664
212859
212868
212911
212942
213286
213358
213384
213455
213473
213478
213554
213571
213596
213618
213627
213637
213677
213680
213688
213704
213813
213887
213941
213955
214092
214105
214167
214169
214197
214286
214470
214480
214497
214573
214699
214737
214804
214823
214892
214904
214965
215050
215105
215133
215208
215281
215282
215309
215335
215348
215391
215398
215466
215476
215487
215498
215525
215534
215537
215563
215589
215596
215632
215678
215685
215738
215752
215882
215932
216124
216232
216234
216239
216281
216312
216343
216425
216519
216565
216571
216596
216626
216639
216641
216679
216707
216737
216839
216894
216928
216961
216997
217073
217132
217208
217328
217347
217371
217435
217521
217573
217583
217666
217672
217712
217812
217861
217948
217950
217973
217993
218029
218063
218086
218105
218203
218211
218275
218300
218362
218397
218429
218503
